import numpy as np
from datatypeUtilities import *

@ti.func
def getke_l0(recv :ti.i32, send :ti.i32)->lclmt:
  res = lclmt(0,0,0,0,0,0,0,0,0)
  if recv == 0 and send == 0 : res = lclmt(0.2350427350427350126071957,0.0801282051282051210883139,0.0801282051282051210883139,0.0801282051282051210883139,0.2350427350427350126071957,0.0801282051282051210883139,0.0801282051282051210883139,0.0801282051282051210883139,0.2350427350427350126071957)
  elif recv == 0 and send == 1 : res = lclmt(-0.1068376068376068188658934,0.0160256410256410207482158,0.0160256410256410207482158,-0.0160256410256410207482158,0.0534188034188034094329467,0.0400641025641025605441570,-0.0160256410256410207482158,0.0400641025641025605441570,0.0534188034188034094329467)
  elif recv == 0 and send == 2 : res = lclmt(-0.0854700854700854856238479,-0.0801282051282051210883139,0.0080128205128205103741079,-0.0801282051282051210883139,-0.0854700854700854856238479,0.0080128205128205103741079,-0.0080128205128205103741079,-0.0080128205128205103741079,-0.0053418803418803428514905)
  elif recv == 0 and send == 3 : res = lclmt(0.0534188034188034094329467,-0.0160256410256410207482158,0.0400641025641025605441570,0.0160256410256410207482158,-0.1068376068376068188658934,0.0160256410256410207482158,0.0400641025641025605441570,-0.0160256410256410207482158,0.0534188034188034094329467)
  elif recv == 0 and send == 4 : res = lclmt(0.0534188034188034094329467,0.0400641025641025605441570,-0.0160256410256410207482158,0.0400641025641025605441570,0.0534188034188034094329467,-0.0160256410256410207482158,0.0160256410256410207482158,0.0160256410256410207482158,-0.1068376068376068188658934)
  elif recv == 0 and send == 5 : res = lclmt(-0.0854700854700854856238479,0.0080128205128205103741079,-0.0801282051282051210883139,-0.0080128205128205103741079,-0.0053418803418803428514905,-0.0080128205128205103741079,-0.0801282051282051210883139,0.0080128205128205103741079,-0.0854700854700854856238479)
  elif recv == 0 and send == 6 : res = lclmt(-0.0587606837606837531517989,-0.0400641025641025605441570,-0.0400641025641025605441570,-0.0400641025641025605441570,-0.0587606837606837531517989,-0.0400641025641025605441570,-0.0400641025641025605441570,-0.0400641025641025605441570,-0.0587606837606837531517989)
  elif recv == 0 and send == 7 : res = lclmt(-0.0053418803418803428514905,-0.0080128205128205103741079,-0.0080128205128205103741079,0.0080128205128205103741079,-0.0854700854700854856238479,-0.0801282051282051210883139,0.0080128205128205103741079,-0.0801282051282051210883139,-0.0854700854700854856238479)
  elif recv == 1 and send == 0 : res = lclmt(-0.1068376068376068188658934,-0.0160256410256410207482158,-0.0160256410256410207482158,0.0160256410256410207482158,0.0534188034188034094329467,0.0400641025641025605441570,0.0160256410256410207482158,0.0400641025641025605441570,0.0534188034188034094329467)
  elif recv == 1 and send == 1 : res = lclmt(0.2350427350427350126071957,-0.0801282051282051210883139,-0.0801282051282051210883139,-0.0801282051282051210883139,0.2350427350427350126071957,0.0801282051282051210883139,-0.0801282051282051210883139,0.0801282051282051210883139,0.2350427350427350126071957)
  elif recv == 1 and send == 2 : res = lclmt(0.0534188034188034094329467,0.0160256410256410207482158,-0.0400641025641025605441570,-0.0160256410256410207482158,-0.1068376068376068188658934,0.0160256410256410207482158,-0.0400641025641025605441570,-0.0160256410256410207482158,0.0534188034188034094329467)
  elif recv == 1 and send == 3 : res = lclmt(-0.0854700854700854856238479,0.0801282051282051210883139,-0.0080128205128205103741079,0.0801282051282051210883139,-0.0854700854700854856238479,0.0080128205128205103741079,0.0080128205128205103741079,-0.0080128205128205103741079,-0.0053418803418803428514905)
  elif recv == 1 and send == 4 : res = lclmt(-0.0854700854700854856238479,-0.0080128205128205103741079,0.0801282051282051210883139,0.0080128205128205103741079,-0.0053418803418803428514905,-0.0080128205128205103741079,0.0801282051282051210883139,0.0080128205128205103741079,-0.0854700854700854856238479)
  elif recv == 1 and send == 5 : res = lclmt(0.0534188034188034094329467,-0.0400641025641025605441570,0.0160256410256410207482158,-0.0400641025641025605441570,0.0534188034188034094329467,-0.0160256410256410207482158,-0.0160256410256410207482158,0.0160256410256410207482158,-0.1068376068376068188658934)
  elif recv == 1 and send == 6 : res = lclmt(-0.0053418803418803428514905,0.0080128205128205103741079,0.0080128205128205103741079,-0.0080128205128205103741079,-0.0854700854700854856238479,-0.0801282051282051210883139,-0.0080128205128205103741079,-0.0801282051282051210883139,-0.0854700854700854856238479)
  elif recv == 1 and send == 7 : res = lclmt(-0.0587606837606837531517989,0.0400641025641025605441570,0.0400641025641025605441570,0.0400641025641025605441570,-0.0587606837606837531517989,-0.0400641025641025605441570,0.0400641025641025605441570,-0.0400641025641025605441570,-0.0587606837606837531517989)
  elif recv == 2 and send == 0 : res = lclmt(-0.0854700854700854856238479,-0.0801282051282051210883139,-0.0080128205128205103741079,-0.0801282051282051210883139,-0.0854700854700854856238479,-0.0080128205128205103741079,0.0080128205128205103741079,0.0080128205128205103741079,-0.0053418803418803428514905)
  elif recv == 2 and send == 1 : res = lclmt(0.0534188034188034094329467,-0.0160256410256410207482158,-0.0400641025641025605441570,0.0160256410256410207482158,-0.1068376068376068188658934,-0.0160256410256410207482158,-0.0400641025641025605441570,0.0160256410256410207482158,0.0534188034188034094329467)
  elif recv == 2 and send == 2 : res = lclmt(0.2350427350427350126071957,0.0801282051282051210883139,-0.0801282051282051210883139,0.0801282051282051210883139,0.2350427350427350126071957,-0.0801282051282051210883139,-0.0801282051282051210883139,-0.0801282051282051210883139,0.2350427350427350126071957)
  elif recv == 2 and send == 3 : res = lclmt(-0.1068376068376068188658934,0.0160256410256410207482158,-0.0160256410256410207482158,-0.0160256410256410207482158,0.0534188034188034094329467,-0.0400641025641025605441570,0.0160256410256410207482158,-0.0400641025641025605441570,0.0534188034188034094329467)
  elif recv == 2 and send == 4 : res = lclmt(-0.0587606837606837531517989,-0.0400641025641025605441570,0.0400641025641025605441570,-0.0400641025641025605441570,-0.0587606837606837531517989,0.0400641025641025605441570,0.0400641025641025605441570,0.0400641025641025605441570,-0.0587606837606837531517989)
  elif recv == 2 and send == 5 : res = lclmt(-0.0053418803418803428514905,-0.0080128205128205103741079,0.0080128205128205103741079,0.0080128205128205103741079,-0.0854700854700854856238479,0.0801282051282051210883139,-0.0080128205128205103741079,0.0801282051282051210883139,-0.0854700854700854856238479)
  elif recv == 2 and send == 6 : res = lclmt(0.0534188034188034094329467,0.0400641025641025605441570,0.0160256410256410207482158,0.0400641025641025605441570,0.0534188034188034094329467,0.0160256410256410207482158,-0.0160256410256410207482158,-0.0160256410256410207482158,-0.1068376068376068188658934)
  elif recv == 2 and send == 7 : res = lclmt(-0.0854700854700854856238479,0.0080128205128205103741079,0.0801282051282051210883139,-0.0080128205128205103741079,-0.0053418803418803428514905,0.0080128205128205103741079,0.0801282051282051210883139,-0.0080128205128205103741079,-0.0854700854700854856238479)
  elif recv == 3 and send == 0 : res = lclmt(0.0534188034188034094329467,0.0160256410256410207482158,0.0400641025641025605441570,-0.0160256410256410207482158,-0.1068376068376068188658934,-0.0160256410256410207482158,0.0400641025641025605441570,0.0160256410256410207482158,0.0534188034188034094329467)
  elif recv == 3 and send == 1 : res = lclmt(-0.0854700854700854856238479,0.0801282051282051210883139,0.0080128205128205103741079,0.0801282051282051210883139,-0.0854700854700854856238479,-0.0080128205128205103741079,-0.0080128205128205103741079,0.0080128205128205103741079,-0.0053418803418803428514905)
  elif recv == 3 and send == 2 : res = lclmt(-0.1068376068376068188658934,-0.0160256410256410207482158,0.0160256410256410207482158,0.0160256410256410207482158,0.0534188034188034094329467,-0.0400641025641025605441570,-0.0160256410256410207482158,-0.0400641025641025605441570,0.0534188034188034094329467)
  elif recv == 3 and send == 3 : res = lclmt(0.2350427350427350126071957,-0.0801282051282051210883139,0.0801282051282051210883139,-0.0801282051282051210883139,0.2350427350427350126071957,-0.0801282051282051210883139,0.0801282051282051210883139,-0.0801282051282051210883139,0.2350427350427350126071957)
  elif recv == 3 and send == 4 : res = lclmt(-0.0053418803418803428514905,0.0080128205128205103741079,-0.0080128205128205103741079,-0.0080128205128205103741079,-0.0854700854700854856238479,0.0801282051282051210883139,0.0080128205128205103741079,0.0801282051282051210883139,-0.0854700854700854856238479)
  elif recv == 3 and send == 5 : res = lclmt(-0.0587606837606837531517989,0.0400641025641025605441570,-0.0400641025641025605441570,0.0400641025641025605441570,-0.0587606837606837531517989,0.0400641025641025605441570,-0.0400641025641025605441570,0.0400641025641025605441570,-0.0587606837606837531517989)
  elif recv == 3 and send == 6 : res = lclmt(-0.0854700854700854856238479,-0.0080128205128205103741079,-0.0801282051282051210883139,0.0080128205128205103741079,-0.0053418803418803428514905,0.0080128205128205103741079,-0.0801282051282051210883139,-0.0080128205128205103741079,-0.0854700854700854856238479)
  elif recv == 3 and send == 7 : res = lclmt(0.0534188034188034094329467,-0.0400641025641025605441570,-0.0160256410256410207482158,-0.0400641025641025605441570,0.0534188034188034094329467,0.0160256410256410207482158,0.0160256410256410207482158,-0.0160256410256410207482158,-0.1068376068376068188658934)
  elif recv == 4 and send == 0 : res = lclmt(0.0534188034188034094329467,0.0400641025641025605441570,0.0160256410256410207482158,0.0400641025641025605441570,0.0534188034188034094329467,0.0160256410256410207482158,-0.0160256410256410207482158,-0.0160256410256410207482158,-0.1068376068376068188658934)
  elif recv == 4 and send == 1 : res = lclmt(-0.0854700854700854856238479,0.0080128205128205103741079,0.0801282051282051210883139,-0.0080128205128205103741079,-0.0053418803418803428514905,0.0080128205128205103741079,0.0801282051282051210883139,-0.0080128205128205103741079,-0.0854700854700854856238479)
  elif recv == 4 and send == 2 : res = lclmt(-0.0587606837606837531517989,-0.0400641025641025605441570,0.0400641025641025605441570,-0.0400641025641025605441570,-0.0587606837606837531517989,0.0400641025641025605441570,0.0400641025641025605441570,0.0400641025641025605441570,-0.0587606837606837531517989)
  elif recv == 4 and send == 3 : res = lclmt(-0.0053418803418803428514905,-0.0080128205128205103741079,0.0080128205128205103741079,0.0080128205128205103741079,-0.0854700854700854856238479,0.0801282051282051210883139,-0.0080128205128205103741079,0.0801282051282051210883139,-0.0854700854700854856238479)
  elif recv == 4 and send == 4 : res = lclmt(0.2350427350427350126071957,0.0801282051282051210883139,-0.0801282051282051210883139,0.0801282051282051210883139,0.2350427350427350126071957,-0.0801282051282051210883139,-0.0801282051282051210883139,-0.0801282051282051210883139,0.2350427350427350126071957)
  elif recv == 4 and send == 5 : res = lclmt(-0.1068376068376068188658934,0.0160256410256410207482158,-0.0160256410256410207482158,-0.0160256410256410207482158,0.0534188034188034094329467,-0.0400641025641025605441570,0.0160256410256410207482158,-0.0400641025641025605441570,0.0534188034188034094329467)
  elif recv == 4 and send == 6 : res = lclmt(-0.0854700854700854856238479,-0.0801282051282051210883139,-0.0080128205128205103741079,-0.0801282051282051210883139,-0.0854700854700854856238479,-0.0080128205128205103741079,0.0080128205128205103741079,0.0080128205128205103741079,-0.0053418803418803428514905)
  elif recv == 4 and send == 7 : res = lclmt(0.0534188034188034094329467,-0.0160256410256410207482158,-0.0400641025641025605441570,0.0160256410256410207482158,-0.1068376068376068188658934,-0.0160256410256410207482158,-0.0400641025641025605441570,0.0160256410256410207482158,0.0534188034188034094329467)
  elif recv == 5 and send == 0 : res = lclmt(-0.0854700854700854856238479,-0.0080128205128205103741079,-0.0801282051282051210883139,0.0080128205128205103741079,-0.0053418803418803428514905,0.0080128205128205103741079,-0.0801282051282051210883139,-0.0080128205128205103741079,-0.0854700854700854856238479)
  elif recv == 5 and send == 1 : res = lclmt(0.0534188034188034094329467,-0.0400641025641025605441570,-0.0160256410256410207482158,-0.0400641025641025605441570,0.0534188034188034094329467,0.0160256410256410207482158,0.0160256410256410207482158,-0.0160256410256410207482158,-0.1068376068376068188658934)
  elif recv == 5 and send == 2 : res = lclmt(-0.0053418803418803428514905,0.0080128205128205103741079,-0.0080128205128205103741079,-0.0080128205128205103741079,-0.0854700854700854856238479,0.0801282051282051210883139,0.0080128205128205103741079,0.0801282051282051210883139,-0.0854700854700854856238479)
  elif recv == 5 and send == 3 : res = lclmt(-0.0587606837606837531517989,0.0400641025641025605441570,-0.0400641025641025605441570,0.0400641025641025605441570,-0.0587606837606837531517989,0.0400641025641025605441570,-0.0400641025641025605441570,0.0400641025641025605441570,-0.0587606837606837531517989)
  elif recv == 5 and send == 4 : res = lclmt(-0.1068376068376068188658934,-0.0160256410256410207482158,0.0160256410256410207482158,0.0160256410256410207482158,0.0534188034188034094329467,-0.0400641025641025605441570,-0.0160256410256410207482158,-0.0400641025641025605441570,0.0534188034188034094329467)
  elif recv == 5 and send == 5 : res = lclmt(0.2350427350427350126071957,-0.0801282051282051210883139,0.0801282051282051210883139,-0.0801282051282051210883139,0.2350427350427350126071957,-0.0801282051282051210883139,0.0801282051282051210883139,-0.0801282051282051210883139,0.2350427350427350126071957)
  elif recv == 5 and send == 6 : res = lclmt(0.0534188034188034094329467,0.0160256410256410207482158,0.0400641025641025605441570,-0.0160256410256410207482158,-0.1068376068376068188658934,-0.0160256410256410207482158,0.0400641025641025605441570,0.0160256410256410207482158,0.0534188034188034094329467)
  elif recv == 5 and send == 7 : res = lclmt(-0.0854700854700854856238479,0.0801282051282051210883139,0.0080128205128205103741079,0.0801282051282051210883139,-0.0854700854700854856238479,-0.0080128205128205103741079,-0.0080128205128205103741079,0.0080128205128205103741079,-0.0053418803418803428514905)
  elif recv == 6 and send == 0 : res = lclmt(-0.0587606837606837531517989,-0.0400641025641025605441570,-0.0400641025641025605441570,-0.0400641025641025605441570,-0.0587606837606837531517989,-0.0400641025641025605441570,-0.0400641025641025605441570,-0.0400641025641025605441570,-0.0587606837606837531517989)
  elif recv == 6 and send == 1 : res = lclmt(-0.0053418803418803428514905,-0.0080128205128205103741079,-0.0080128205128205103741079,0.0080128205128205103741079,-0.0854700854700854856238479,-0.0801282051282051210883139,0.0080128205128205103741079,-0.0801282051282051210883139,-0.0854700854700854856238479)
  elif recv == 6 and send == 2 : res = lclmt(0.0534188034188034094329467,0.0400641025641025605441570,-0.0160256410256410207482158,0.0400641025641025605441570,0.0534188034188034094329467,-0.0160256410256410207482158,0.0160256410256410207482158,0.0160256410256410207482158,-0.1068376068376068188658934)
  elif recv == 6 and send == 3 : res = lclmt(-0.0854700854700854856238479,0.0080128205128205103741079,-0.0801282051282051210883139,-0.0080128205128205103741079,-0.0053418803418803428514905,-0.0080128205128205103741079,-0.0801282051282051210883139,0.0080128205128205103741079,-0.0854700854700854856238479)
  elif recv == 6 and send == 4 : res = lclmt(-0.0854700854700854856238479,-0.0801282051282051210883139,0.0080128205128205103741079,-0.0801282051282051210883139,-0.0854700854700854856238479,0.0080128205128205103741079,-0.0080128205128205103741079,-0.0080128205128205103741079,-0.0053418803418803428514905)
  elif recv == 6 and send == 5 : res = lclmt(0.0534188034188034094329467,-0.0160256410256410207482158,0.0400641025641025605441570,0.0160256410256410207482158,-0.1068376068376068188658934,0.0160256410256410207482158,0.0400641025641025605441570,-0.0160256410256410207482158,0.0534188034188034094329467)
  elif recv == 6 and send == 6 : res = lclmt(0.2350427350427350126071957,0.0801282051282051210883139,0.0801282051282051210883139,0.0801282051282051210883139,0.2350427350427350126071957,0.0801282051282051210883139,0.0801282051282051210883139,0.0801282051282051210883139,0.2350427350427350126071957)
  elif recv == 6 and send == 7 : res = lclmt(-0.1068376068376068188658934,0.0160256410256410207482158,0.0160256410256410207482158,-0.0160256410256410207482158,0.0534188034188034094329467,0.0400641025641025605441570,-0.0160256410256410207482158,0.0400641025641025605441570,0.0534188034188034094329467)
  elif recv == 7 and send == 0 : res = lclmt(-0.0053418803418803428514905,0.0080128205128205103741079,0.0080128205128205103741079,-0.0080128205128205103741079,-0.0854700854700854856238479,-0.0801282051282051210883139,-0.0080128205128205103741079,-0.0801282051282051210883139,-0.0854700854700854856238479)
  elif recv == 7 and send == 1 : res = lclmt(-0.0587606837606837531517989,0.0400641025641025605441570,0.0400641025641025605441570,0.0400641025641025605441570,-0.0587606837606837531517989,-0.0400641025641025605441570,0.0400641025641025605441570,-0.0400641025641025605441570,-0.0587606837606837531517989)
  elif recv == 7 and send == 2 : res = lclmt(-0.0854700854700854856238479,-0.0080128205128205103741079,0.0801282051282051210883139,0.0080128205128205103741079,-0.0053418803418803428514905,-0.0080128205128205103741079,0.0801282051282051210883139,0.0080128205128205103741079,-0.0854700854700854856238479)
  elif recv == 7 and send == 3 : res = lclmt(0.0534188034188034094329467,-0.0400641025641025605441570,0.0160256410256410207482158,-0.0400641025641025605441570,0.0534188034188034094329467,-0.0160256410256410207482158,-0.0160256410256410207482158,0.0160256410256410207482158,-0.1068376068376068188658934)
  elif recv == 7 and send == 4 : res = lclmt(0.0534188034188034094329467,0.0160256410256410207482158,-0.0400641025641025605441570,-0.0160256410256410207482158,-0.1068376068376068188658934,0.0160256410256410207482158,-0.0400641025641025605441570,-0.0160256410256410207482158,0.0534188034188034094329467)
  elif recv == 7 and send == 5 : res = lclmt(-0.0854700854700854856238479,0.0801282051282051210883139,-0.0080128205128205103741079,0.0801282051282051210883139,-0.0854700854700854856238479,0.0080128205128205103741079,0.0080128205128205103741079,-0.0080128205128205103741079,-0.0053418803418803428514905)
  elif recv == 7 and send == 6 : res = lclmt(-0.1068376068376068188658934,-0.0160256410256410207482158,-0.0160256410256410207482158,0.0160256410256410207482158,0.0534188034188034094329467,0.0400641025641025605441570,0.0160256410256410207482158,0.0400641025641025605441570,0.0534188034188034094329467)
  elif recv == 7 and send == 7 : res = lclmt(0.2350427350427350126071957,-0.0801282051282051210883139,-0.0801282051282051210883139,-0.0801282051282051210883139,0.2350427350427350126071957,0.0801282051282051210883139,-0.0801282051282051210883139,0.0801282051282051210883139,0.2350427350427350126071957)
  return res

#  24*24
keconst = np.array(
[[0.2350427350427350126071957,0.0801282051282051210883139,0.0801282051282051210883139,-0.1068376068376068188658934,0.0160256410256410207482158,0.0160256410256410207482158,-0.0854700854700854856238479,-0.0801282051282051210883139,0.0080128205128205103741079,0.0534188034188034094329467,-0.0160256410256410207482158,0.0400641025641025605441570,0.0534188034188034094329467,0.0400641025641025605441570,-0.0160256410256410207482158,-0.0854700854700854856238479,0.0080128205128205103741079,-0.0801282051282051210883139,-0.0587606837606837531517989,-0.0400641025641025605441570,-0.0400641025641025605441570,-0.0053418803418803428514905,-0.0080128205128205103741079,-0.0080128205128205103741079],
[0.0801282051282051210883139,0.2350427350427350126071957,0.0801282051282051210883139,-0.0160256410256410207482158,0.0534188034188034094329467,0.0400641025641025605441570,-0.0801282051282051210883139,-0.0854700854700854856238479,0.0080128205128205103741079,0.0160256410256410207482158,-0.1068376068376068188658934,0.0160256410256410207482158,0.0400641025641025605441570,0.0534188034188034094329467,-0.0160256410256410207482158,-0.0080128205128205103741079,-0.0053418803418803428514905,-0.0080128205128205103741079,-0.0400641025641025605441570,-0.0587606837606837531517989,-0.0400641025641025605441570,0.0080128205128205103741079,-0.0854700854700854856238479,-0.0801282051282051210883139],
[0.0801282051282051210883139,0.0801282051282051210883139,0.2350427350427350126071957,-0.0160256410256410207482158,0.0400641025641025605441570,0.0534188034188034094329467,-0.0080128205128205103741079,-0.0080128205128205103741079,-0.0053418803418803428514905,0.0400641025641025605441570,-0.0160256410256410207482158,0.0534188034188034094329467,0.0160256410256410207482158,0.0160256410256410207482158,-0.1068376068376068188658934,-0.0801282051282051210883139,0.0080128205128205103741079,-0.0854700854700854856238479,-0.0400641025641025605441570,-0.0400641025641025605441570,-0.0587606837606837531517989,0.0080128205128205103741079,-0.0801282051282051210883139,-0.0854700854700854856238479],
[-0.1068376068376068188658934,-0.0160256410256410207482158,-0.0160256410256410207482158,0.2350427350427350126071957,-0.0801282051282051210883139,-0.0801282051282051210883139,0.0534188034188034094329467,0.0160256410256410207482158,-0.0400641025641025605441570,-0.0854700854700854856238479,0.0801282051282051210883139,-0.0080128205128205103741079,-0.0854700854700854856238479,-0.0080128205128205103741079,0.0801282051282051210883139,0.0534188034188034094329467,-0.0400641025641025605441570,0.0160256410256410207482158,-0.0053418803418803428514905,0.0080128205128205103741079,0.0080128205128205103741079,-0.0587606837606837531517989,0.0400641025641025605441570,0.0400641025641025605441570],
[0.0160256410256410207482158,0.0534188034188034094329467,0.0400641025641025605441570,-0.0801282051282051210883139,0.2350427350427350126071957,0.0801282051282051210883139,-0.0160256410256410207482158,-0.1068376068376068188658934,0.0160256410256410207482158,0.0801282051282051210883139,-0.0854700854700854856238479,0.0080128205128205103741079,0.0080128205128205103741079,-0.0053418803418803428514905,-0.0080128205128205103741079,-0.0400641025641025605441570,0.0534188034188034094329467,-0.0160256410256410207482158,-0.0080128205128205103741079,-0.0854700854700854856238479,-0.0801282051282051210883139,0.0400641025641025605441570,-0.0587606837606837531517989,-0.0400641025641025605441570],
[0.0160256410256410207482158,0.0400641025641025605441570,0.0534188034188034094329467,-0.0801282051282051210883139,0.0801282051282051210883139,0.2350427350427350126071957,-0.0400641025641025605441570,-0.0160256410256410207482158,0.0534188034188034094329467,0.0080128205128205103741079,-0.0080128205128205103741079,-0.0053418803418803428514905,0.0801282051282051210883139,0.0080128205128205103741079,-0.0854700854700854856238479,-0.0160256410256410207482158,0.0160256410256410207482158,-0.1068376068376068188658934,-0.0080128205128205103741079,-0.0801282051282051210883139,-0.0854700854700854856238479,0.0400641025641025605441570,-0.0400641025641025605441570,-0.0587606837606837531517989],
[-0.0854700854700854856238479,-0.0801282051282051210883139,-0.0080128205128205103741079,0.0534188034188034094329467,-0.0160256410256410207482158,-0.0400641025641025605441570,0.2350427350427350126071957,0.0801282051282051210883139,-0.0801282051282051210883139,-0.1068376068376068188658934,0.0160256410256410207482158,-0.0160256410256410207482158,-0.0587606837606837531517989,-0.0400641025641025605441570,0.0400641025641025605441570,-0.0053418803418803428514905,-0.0080128205128205103741079,0.0080128205128205103741079,0.0534188034188034094329467,0.0400641025641025605441570,0.0160256410256410207482158,-0.0854700854700854856238479,0.0080128205128205103741079,0.0801282051282051210883139],
[-0.0801282051282051210883139,-0.0854700854700854856238479,-0.0080128205128205103741079,0.0160256410256410207482158,-0.1068376068376068188658934,-0.0160256410256410207482158,0.0801282051282051210883139,0.2350427350427350126071957,-0.0801282051282051210883139,-0.0160256410256410207482158,0.0534188034188034094329467,-0.0400641025641025605441570,-0.0400641025641025605441570,-0.0587606837606837531517989,0.0400641025641025605441570,0.0080128205128205103741079,-0.0854700854700854856238479,0.0801282051282051210883139,0.0400641025641025605441570,0.0534188034188034094329467,0.0160256410256410207482158,-0.0080128205128205103741079,-0.0053418803418803428514905,0.0080128205128205103741079],
[0.0080128205128205103741079,0.0080128205128205103741079,-0.0053418803418803428514905,-0.0400641025641025605441570,0.0160256410256410207482158,0.0534188034188034094329467,-0.0801282051282051210883139,-0.0801282051282051210883139,0.2350427350427350126071957,0.0160256410256410207482158,-0.0400641025641025605441570,0.0534188034188034094329467,0.0400641025641025605441570,0.0400641025641025605441570,-0.0587606837606837531517989,-0.0080128205128205103741079,0.0801282051282051210883139,-0.0854700854700854856238479,-0.0160256410256410207482158,-0.0160256410256410207482158,-0.1068376068376068188658934,0.0801282051282051210883139,-0.0080128205128205103741079,-0.0854700854700854856238479],
[0.0534188034188034094329467,0.0160256410256410207482158,0.0400641025641025605441570,-0.0854700854700854856238479,0.0801282051282051210883139,0.0080128205128205103741079,-0.1068376068376068188658934,-0.0160256410256410207482158,0.0160256410256410207482158,0.2350427350427350126071957,-0.0801282051282051210883139,0.0801282051282051210883139,-0.0053418803418803428514905,0.0080128205128205103741079,-0.0080128205128205103741079,-0.0587606837606837531517989,0.0400641025641025605441570,-0.0400641025641025605441570,-0.0854700854700854856238479,-0.0080128205128205103741079,-0.0801282051282051210883139,0.0534188034188034094329467,-0.0400641025641025605441570,-0.0160256410256410207482158],
[-0.0160256410256410207482158,-0.1068376068376068188658934,-0.0160256410256410207482158,0.0801282051282051210883139,-0.0854700854700854856238479,-0.0080128205128205103741079,0.0160256410256410207482158,0.0534188034188034094329467,-0.0400641025641025605441570,-0.0801282051282051210883139,0.2350427350427350126071957,-0.0801282051282051210883139,-0.0080128205128205103741079,-0.0854700854700854856238479,0.0801282051282051210883139,0.0400641025641025605441570,-0.0587606837606837531517989,0.0400641025641025605441570,0.0080128205128205103741079,-0.0053418803418803428514905,0.0080128205128205103741079,-0.0400641025641025605441570,0.0534188034188034094329467,0.0160256410256410207482158],
[0.0400641025641025605441570,0.0160256410256410207482158,0.0534188034188034094329467,-0.0080128205128205103741079,0.0080128205128205103741079,-0.0053418803418803428514905,-0.0160256410256410207482158,-0.0400641025641025605441570,0.0534188034188034094329467,0.0801282051282051210883139,-0.0801282051282051210883139,0.2350427350427350126071957,0.0080128205128205103741079,0.0801282051282051210883139,-0.0854700854700854856238479,-0.0400641025641025605441570,0.0400641025641025605441570,-0.0587606837606837531517989,-0.0801282051282051210883139,-0.0080128205128205103741079,-0.0854700854700854856238479,0.0160256410256410207482158,-0.0160256410256410207482158,-0.1068376068376068188658934],
[0.0534188034188034094329467,0.0400641025641025605441570,0.0160256410256410207482158,-0.0854700854700854856238479,0.0080128205128205103741079,0.0801282051282051210883139,-0.0587606837606837531517989,-0.0400641025641025605441570,0.0400641025641025605441570,-0.0053418803418803428514905,-0.0080128205128205103741079,0.0080128205128205103741079,0.2350427350427350126071957,0.0801282051282051210883139,-0.0801282051282051210883139,-0.1068376068376068188658934,0.0160256410256410207482158,-0.0160256410256410207482158,-0.0854700854700854856238479,-0.0801282051282051210883139,-0.0080128205128205103741079,0.0534188034188034094329467,-0.0160256410256410207482158,-0.0400641025641025605441570],
[0.0400641025641025605441570,0.0534188034188034094329467,0.0160256410256410207482158,-0.0080128205128205103741079,-0.0053418803418803428514905,0.0080128205128205103741079,-0.0400641025641025605441570,-0.0587606837606837531517989,0.0400641025641025605441570,0.0080128205128205103741079,-0.0854700854700854856238479,0.0801282051282051210883139,0.0801282051282051210883139,0.2350427350427350126071957,-0.0801282051282051210883139,-0.0160256410256410207482158,0.0534188034188034094329467,-0.0400641025641025605441570,-0.0801282051282051210883139,-0.0854700854700854856238479,-0.0080128205128205103741079,0.0160256410256410207482158,-0.1068376068376068188658934,-0.0160256410256410207482158],
[-0.0160256410256410207482158,-0.0160256410256410207482158,-0.1068376068376068188658934,0.0801282051282051210883139,-0.0080128205128205103741079,-0.0854700854700854856238479,0.0400641025641025605441570,0.0400641025641025605441570,-0.0587606837606837531517989,-0.0080128205128205103741079,0.0801282051282051210883139,-0.0854700854700854856238479,-0.0801282051282051210883139,-0.0801282051282051210883139,0.2350427350427350126071957,0.0160256410256410207482158,-0.0400641025641025605441570,0.0534188034188034094329467,0.0080128205128205103741079,0.0080128205128205103741079,-0.0053418803418803428514905,-0.0400641025641025605441570,0.0160256410256410207482158,0.0534188034188034094329467],
[-0.0854700854700854856238479,-0.0080128205128205103741079,-0.0801282051282051210883139,0.0534188034188034094329467,-0.0400641025641025605441570,-0.0160256410256410207482158,-0.0053418803418803428514905,0.0080128205128205103741079,-0.0080128205128205103741079,-0.0587606837606837531517989,0.0400641025641025605441570,-0.0400641025641025605441570,-0.1068376068376068188658934,-0.0160256410256410207482158,0.0160256410256410207482158,0.2350427350427350126071957,-0.0801282051282051210883139,0.0801282051282051210883139,0.0534188034188034094329467,0.0160256410256410207482158,0.0400641025641025605441570,-0.0854700854700854856238479,0.0801282051282051210883139,0.0080128205128205103741079],
[0.0080128205128205103741079,-0.0053418803418803428514905,0.0080128205128205103741079,-0.0400641025641025605441570,0.0534188034188034094329467,0.0160256410256410207482158,-0.0080128205128205103741079,-0.0854700854700854856238479,0.0801282051282051210883139,0.0400641025641025605441570,-0.0587606837606837531517989,0.0400641025641025605441570,0.0160256410256410207482158,0.0534188034188034094329467,-0.0400641025641025605441570,-0.0801282051282051210883139,0.2350427350427350126071957,-0.0801282051282051210883139,-0.0160256410256410207482158,-0.1068376068376068188658934,-0.0160256410256410207482158,0.0801282051282051210883139,-0.0854700854700854856238479,-0.0080128205128205103741079],
[-0.0801282051282051210883139,-0.0080128205128205103741079,-0.0854700854700854856238479,0.0160256410256410207482158,-0.0160256410256410207482158,-0.1068376068376068188658934,0.0080128205128205103741079,0.0801282051282051210883139,-0.0854700854700854856238479,-0.0400641025641025605441570,0.0400641025641025605441570,-0.0587606837606837531517989,-0.0160256410256410207482158,-0.0400641025641025605441570,0.0534188034188034094329467,0.0801282051282051210883139,-0.0801282051282051210883139,0.2350427350427350126071957,0.0400641025641025605441570,0.0160256410256410207482158,0.0534188034188034094329467,-0.0080128205128205103741079,0.0080128205128205103741079,-0.0053418803418803428514905],
[-0.0587606837606837531517989,-0.0400641025641025605441570,-0.0400641025641025605441570,-0.0053418803418803428514905,-0.0080128205128205103741079,-0.0080128205128205103741079,0.0534188034188034094329467,0.0400641025641025605441570,-0.0160256410256410207482158,-0.0854700854700854856238479,0.0080128205128205103741079,-0.0801282051282051210883139,-0.0854700854700854856238479,-0.0801282051282051210883139,0.0080128205128205103741079,0.0534188034188034094329467,-0.0160256410256410207482158,0.0400641025641025605441570,0.2350427350427350126071957,0.0801282051282051210883139,0.0801282051282051210883139,-0.1068376068376068188658934,0.0160256410256410207482158,0.0160256410256410207482158],
[-0.0400641025641025605441570,-0.0587606837606837531517989,-0.0400641025641025605441570,0.0080128205128205103741079,-0.0854700854700854856238479,-0.0801282051282051210883139,0.0400641025641025605441570,0.0534188034188034094329467,-0.0160256410256410207482158,-0.0080128205128205103741079,-0.0053418803418803428514905,-0.0080128205128205103741079,-0.0801282051282051210883139,-0.0854700854700854856238479,0.0080128205128205103741079,0.0160256410256410207482158,-0.1068376068376068188658934,0.0160256410256410207482158,0.0801282051282051210883139,0.2350427350427350126071957,0.0801282051282051210883139,-0.0160256410256410207482158,0.0534188034188034094329467,0.0400641025641025605441570],
[-0.0400641025641025605441570,-0.0400641025641025605441570,-0.0587606837606837531517989,0.0080128205128205103741079,-0.0801282051282051210883139,-0.0854700854700854856238479,0.0160256410256410207482158,0.0160256410256410207482158,-0.1068376068376068188658934,-0.0801282051282051210883139,0.0080128205128205103741079,-0.0854700854700854856238479,-0.0080128205128205103741079,-0.0080128205128205103741079,-0.0053418803418803428514905,0.0400641025641025605441570,-0.0160256410256410207482158,0.0534188034188034094329467,0.0801282051282051210883139,0.0801282051282051210883139,0.2350427350427350126071957,-0.0160256410256410207482158,0.0400641025641025605441570,0.0534188034188034094329467],
[-0.0053418803418803428514905,0.0080128205128205103741079,0.0080128205128205103741079,-0.0587606837606837531517989,0.0400641025641025605441570,0.0400641025641025605441570,-0.0854700854700854856238479,-0.0080128205128205103741079,0.0801282051282051210883139,0.0534188034188034094329467,-0.0400641025641025605441570,0.0160256410256410207482158,0.0534188034188034094329467,0.0160256410256410207482158,-0.0400641025641025605441570,-0.0854700854700854856238479,0.0801282051282051210883139,-0.0080128205128205103741079,-0.1068376068376068188658934,-0.0160256410256410207482158,-0.0160256410256410207482158,0.2350427350427350126071957,-0.0801282051282051210883139,-0.0801282051282051210883139],
[-0.0080128205128205103741079,-0.0854700854700854856238479,-0.0801282051282051210883139,0.0400641025641025605441570,-0.0587606837606837531517989,-0.0400641025641025605441570,0.0080128205128205103741079,-0.0053418803418803428514905,-0.0080128205128205103741079,-0.0400641025641025605441570,0.0534188034188034094329467,-0.0160256410256410207482158,-0.0160256410256410207482158,-0.1068376068376068188658934,0.0160256410256410207482158,0.0801282051282051210883139,-0.0854700854700854856238479,0.0080128205128205103741079,0.0160256410256410207482158,0.0534188034188034094329467,0.0400641025641025605441570,-0.0801282051282051210883139,0.2350427350427350126071957,0.0801282051282051210883139],
[-0.0080128205128205103741079,-0.0801282051282051210883139,-0.0854700854700854856238479,0.0400641025641025605441570,-0.0400641025641025605441570,-0.0587606837606837531517989,0.0801282051282051210883139,0.0080128205128205103741079,-0.0854700854700854856238479,-0.0160256410256410207482158,0.0160256410256410207482158,-0.1068376068376068188658934,-0.0400641025641025605441570,-0.0160256410256410207482158,0.0534188034188034094329467,0.0080128205128205103741079,-0.0080128205128205103741079,-0.0053418803418803428514905,0.0160256410256410207482158,0.0400641025641025605441570,0.0534188034188034094329467,-0.0801282051282051210883139,0.0801282051282051210883139,0.2350427350427350126071957]
])


keslices = np.array(
[[[0.2350427350427350126071957,0.0801282051282051210883139,0.0801282051282051210883139,-0.1068376068376068188658934,0.0160256410256410207482158,0.0160256410256410207482158,-0.0854700854700854856238479,-0.0801282051282051210883139,0.0080128205128205103741079,0.0534188034188034094329467,-0.0160256410256410207482158,0.0400641025641025605441570,0.0534188034188034094329467,0.0400641025641025605441570,-0.0160256410256410207482158,-0.0854700854700854856238479,0.0080128205128205103741079,-0.0801282051282051210883139,-0.0587606837606837531517989,-0.0400641025641025605441570,-0.0400641025641025605441570,-0.0053418803418803428514905,-0.0080128205128205103741079,-0.0080128205128205103741079],
[0.0801282051282051210883139,0.2350427350427350126071957,0.0801282051282051210883139,-0.0160256410256410207482158,0.0534188034188034094329467,0.0400641025641025605441570,-0.0801282051282051210883139,-0.0854700854700854856238479,0.0080128205128205103741079,0.0160256410256410207482158,-0.1068376068376068188658934,0.0160256410256410207482158,0.0400641025641025605441570,0.0534188034188034094329467,-0.0160256410256410207482158,-0.0080128205128205103741079,-0.0053418803418803428514905,-0.0080128205128205103741079,-0.0400641025641025605441570,-0.0587606837606837531517989,-0.0400641025641025605441570,0.0080128205128205103741079,-0.0854700854700854856238479,-0.0801282051282051210883139],
[0.0801282051282051210883139,0.0801282051282051210883139,0.2350427350427350126071957,-0.0160256410256410207482158,0.0400641025641025605441570,0.0534188034188034094329467,-0.0080128205128205103741079,-0.0080128205128205103741079,-0.0053418803418803428514905,0.0400641025641025605441570,-0.0160256410256410207482158,0.0534188034188034094329467,0.0160256410256410207482158,0.0160256410256410207482158,-0.1068376068376068188658934,-0.0801282051282051210883139,0.0080128205128205103741079,-0.0854700854700854856238479,-0.0400641025641025605441570,-0.0400641025641025605441570,-0.0587606837606837531517989,0.0080128205128205103741079,-0.0801282051282051210883139,-0.0854700854700854856238479]],[
[-0.1068376068376068188658934,-0.0160256410256410207482158,-0.0160256410256410207482158,0.2350427350427350126071957,-0.0801282051282051210883139,-0.0801282051282051210883139,0.0534188034188034094329467,0.0160256410256410207482158,-0.0400641025641025605441570,-0.0854700854700854856238479,0.0801282051282051210883139,-0.0080128205128205103741079,-0.0854700854700854856238479,-0.0080128205128205103741079,0.0801282051282051210883139,0.0534188034188034094329467,-0.0400641025641025605441570,0.0160256410256410207482158,-0.0053418803418803428514905,0.0080128205128205103741079,0.0080128205128205103741079,-0.0587606837606837531517989,0.0400641025641025605441570,0.0400641025641025605441570],
[0.0160256410256410207482158,0.0534188034188034094329467,0.0400641025641025605441570,-0.0801282051282051210883139,0.2350427350427350126071957,0.0801282051282051210883139,-0.0160256410256410207482158,-0.1068376068376068188658934,0.0160256410256410207482158,0.0801282051282051210883139,-0.0854700854700854856238479,0.0080128205128205103741079,0.0080128205128205103741079,-0.0053418803418803428514905,-0.0080128205128205103741079,-0.0400641025641025605441570,0.0534188034188034094329467,-0.0160256410256410207482158,-0.0080128205128205103741079,-0.0854700854700854856238479,-0.0801282051282051210883139,0.0400641025641025605441570,-0.0587606837606837531517989,-0.0400641025641025605441570],
